 0 42 2 0    .000    .000   0  63  68   0   7 139   4.942
 0 45 3 2   7.500   2.140   0   0  54   5   7  66   4.205
 0 35 2 0    .000    .000   0  17   3   1   4  24   3.219
 0 78 6 0    .000    .000   0  30   7   0   2  39   3.689
 0 45 3 2   7.500   2.140   0  60   0   0   4  64   4.174
 0 64 4 4  17.500   2.918   5  34   3   0   7  49   3.912
 0 76 6 1   2.500   1.253   0   0   1   0   0   1    .693
 0 42 2 0    .000    .000   0  29   3   1   0  33   3.526
 0 48 3 3  12.500   2.603   0  38  14   1   2  55   4.025
 0 42 2 5  25.000   3.258  13   1  40   0   7  62   4.143
 0 37 2 4  17.500   2.918  10  51   0   0  16  77   4.357
 0 45 3 3  12.500   2.603   6  56   6   0  16  84   4.443
 0 60 4 0    .000    .000   0   0   2   1   2   4   1.609
 0 54 3 5  25.000   3.258   2   2  17   4   7  32   3.497
 0 68 5 1   2.500   1.253   0  15  10   4   0  29   3.401
 0 56 4 2   7.500   2.140   0   0  14   2   7  24   3.219
 0 46 3 5  25.000   3.258   0   0  21   4   0  24   3.219
 0 61 4 2   7.500   2.140   2   0  42   1  16  61   4.127
 0 49 3 0    .000    .000   0  30   6   1   0  38   3.664
 0 72 5 2   7.500   2.140   0   4  10   0  52  67   4.220
 0 37 2 4  17.500   2.918  10  15  49   1   4  79   4.382
 0 28 1 1   2.500   1.253   6  15  42   3   2  68   4.234
 0 59 4 3  12.500   2.603   3   0  40   1   0  44   3.807
 0 26 1 0    .000    .000   1   1  20   1   2  25   3.258
 0 40 2 4  17.500   2.918   3  20   2   1  14  40   3.714
 0 57 4 1   2.500   1.253  20   0  12   3   2  37   3.638
 0 49 3 2   7.500   2.140  10  72  13   1  18 114   4.745
 0 69 5 4  17.500   2.918  26   0  40   0  22  88   4.489
 0 43 2 0    .000    .000   0  54   0   0  38  92   4.533
 0 32 1 0    .000    .000  20  17  74   0  14 126   4.844
 0 61 4 0    .000    .000   0   0   0   0   0   0    .000
 0 57 4 2   7.500   2.140   0   0   0   0   0   0    .000
 0 69 5 3  12.500   2.603   0  15  11   0   0  26   3.296
 0 38 2 3  12.500   2.603   0  62   0   0  22  84   4.443
 0 37 2 5  25.000   3.258   7  10  27   4   7  54   4.007
 0 31 1 0    .000    .000  24   0  24   4  16  69   4.248
 0 64 4 1   2.500   1.253   0   4  14   1  32  51   3.951
 0 71 5 0    .000    .000   5   0   0   0   0   5   1.792
 0 46 3 5  25.000   3.258   4   0  16   3  18  40   3.714
 0 58 4 3  12.500   2.603   1   0  24   1  22  47   3.871
 0 51 3 3  12.500   2.603   4   0   3   1   5  13   2.639
 0 67 5 6  35.000   3.584   0   0   2   0   0   2   1.099
 0 77 6 0    .000    .000   0  20   6   1   4  31   3.466
 0 48 3 4  17.500   2.918   0  27   5   1   7  41   3.738
 0 36 2 0    .000    .000   0   0  21   0   0  21   3.091
 0 49 3 0    .000    .000   0  28   0   1  32  62   4.143
 0 32 1 0    .000    .000   0   0   1   0   0   1    .693
 0 53 3 4  17.500   2.918  11  25   8   0  16  61   4.127
 0 48 3 0    .000    .000   0  42  18   0  20  79   4.382
 0 58 4 4  17.500   2.918   0   0  47   0  29  76   4.344
 0 49 3 4  17.500   2.918   5  64  11   0  49 128   4.860
 0 53 3 0    .000    .000   0  14   0   0   0  14   2.708
 0 52 3 3  12.500   2.603   5  94   3   1  16 119   4.787
 0 39 2 0    .000    .000   0   0  24   1  16  42   3.761
 0 37 2 0    .000    .000   0  40   2   1  16  59   4.094
 0 33 1 6  35.000   3.584   7   0   6  11   0  24   3.219
 0 42 2 6  35.000   3.584   4   0  29   0  34  67   4.220
 0 52 3 0    .000    .000   0   0   0   0   0   0    .000
 0 73 5 1   2.500   1.253   0   2   8   0  16  26   3.296
 0 66 5 4  17.500   2.918  13   0   0   1   2  16   2.833
 0 68 5 0    .000    .000   0  11   1   0   5  18   2.944
 0 33 1 2   7.500   2.140  17   0   5   1   2  24   3.219
 0 68 5 1   2.500   1.253   0  24   0   1  18  43   3.784
 0 46 3 3  12.500   2.603   0   4  31   4  23  62   4.143
 0 37 2 2   7.500   2.140   0   0   1   0   2   3   1.386
 0 38 2 3  12.500   2.603  10  46   2   1  18  77   4.357
 0 66 5 2   7.500   2.140   0   0   6   1   0   8   2.197
 0 28 1 1   2.500   1.253  28   0  21   1   0  50   3.932
 0 49 3 7  45.000   3.829  58   0  24  22   0 105   4.663
 0 45 3 3  12.500   2.603  13  20  24   5  22  84   4.443
 0 31 1 5  25.000   3.258   6  45  76   1   7 136   4.920
 0 43 2 2   7.500   2.140   0   2   0   1   0   3   1.386
 0 38 2 0    .000    .000   8  13   0   1   0  22   3.135
 0 28 1 4  17.500   2.918   0  42   1   0   0  44   3.807
 0 68 5 2   7.500   2.140   0   2  23   0   7  32   3.497
 0 56 4 2   7.500   2.140   0  45  11   0   0  56   4.043
 0 32 1 3  12.500   2.603   0  19   0   3   1  23   3.178
 0 34 1 2   7.500   2.140   5  15   4   2   2  28   3.367
 0 43 2 5  25.000   3.258   5   0  21   1  34  62   4.143
 0 37 2 0    .000    .000   5  32   7   0   2  46   3.850
 0 40 2 0    .000    .000   5   0  20   4   0  29   3.401
 0 52 3 1   2.500   1.253   0  48   4   1  16  69   4.248
 0 47 3 6  35.000   3.584   0   0  10   1  13  24   3.219
 0 46 3 5  25.000   3.258   2  23  34   1  25  86   4.466
 0 70 5 4  17.500   2.918   0  30   2   8  47  88   4.489
 0 46 3 0    .000    .000   0  33  10   0  43  87   4.477
 0 50 3 4  17.500   2.918   0  75   0   0  32 107   4.682
 0 34 1 0    .000    .000  20   2  27   2  14  65   4.190
 0 81 6 0    .000    .000   0  18   0   0   0  18   2.944
 0 73 5 2   7.500   2.140   0   8   8   4   0  19   2.996
 0 45 3 0    .000    .000   0  58   3   2  43 106   4.673
 0 46 3 4  17.500   2.918   6   0  62   1  22  91   4.522
 0 54 3 5  25.000   3.258  13   0   3   0   0  16   2.833
 0 26 1 0    .000    .000   5  48  16   1  13  83   4.431
 0 68 5 5  25.000   3.258   0   0  60   1   1  62   4.143
 0 66 5 3  12.500   2.603   0  72  17   0  45 134   4.905
 0 61 4 5  25.000   3.258   0   0  64   1   0  65   4.190
 0 68 5 0    .000    .000   2  18   5   0  11  36   3.611
 0 41 2 3  12.500   2.603   0  26  21   1   0  48   3.892
 0 61 4 0    .000    .000   4  10   8   0  11  32   3.497
 0 62 4 0    .000    .000   6  24  10   0  20  59   4.094
 0 51 3 0    .000    .000   0   0   0   0   0   0    .000
 0 46 3 0    .000    .000   0  11   1   1   2  15   2.773
 0 62 4 5  25.000   3.258   0  13  10   0   2  25   3.258
 0 37 2 1   2.500   1.253   0  36   0   0   0  36   3.611
 0 63 4 3  12.500   2.603   0  15  35   0  32  83   4.431
 0 42 2 0    .000    .000   2  75   4   2  25 109   4.700
 0 29 1 0    .000    .000  10  33   0   0   0  43   3.784
 0 49 3 3  12.500   2.603   0   0  21   0   0  21   3.091
 0 61 4 4  17.500   2.918   1   0   1   0   0   2   1.099
 0 45 3 0    .000    .000  46   0  53   0   0  99   4.605
 0 67 5 7  45.000   3.829   0  13   3   0  11  26   3.296
 0 61 4 0    .000    .000   0   0   0   0   0   0    .000
 0 34 1 0    .000    .000   0  15  20   1   0  36   3.611
 0 53 3 2   7.500   2.140   3  39  19   0   0  61   4.127
 0 60 4 4  17.500   2.918   0  90   1   1  40 132   4.890
 0 62 4 2   7.500   2.140   5  39   4   0  22  70   4.263
 0 63 4 3  12.500   2.603   0  47   2   1  14  64   4.174
 0 34 1 2   7.500   2.140   0   0   2   0   0   2   1.099
 0 44 2 4  17.500   2.918 143   0  24   0   0 167   5.124
 0 66 5 3  12.500   2.603   3  76   6   0  32 117   4.771
 0 32 1 3  12.500   2.603   0   0   0   0   0   0    .000
 0 52 3 0    .000    .000   0   0  13   8   2  22   3.135
 0 51 3 0    .000    .000   0   8   0   0   0   8   2.197
 0 44 2 0    .000    .000   0   0   0   0   0   0    .000
 0 70 5 3  12.500   2.603   0  84   2   0   4  89   4.500
 0 66 5 2   7.500   2.140   0  54  26   0  14  94   4.554
 0 42 2 0    .000    .000   3  47   0   0   0  50   3.932
 0 40 2 5  25.000   3.258  30   0  84   1  16 132   4.890
 0 44 2 5  25.000   3.258   0  45  10   0   1  56   4.043
 0 48 3 5  25.000   3.258   0   0   6   0   0   6   1.946
 0 34 1 1   2.500   1.253  20  15  20   1   2  58   4.078
 0 45 3 5  25.000   3.258   0   0   6   1  25  32   3.497
 0 53 3 2   7.500   2.140   0  88   7   2  16 112   4.727
 0 65 5 0    .000    .000   2  38  10   1   5  56   4.043
 0 28 1 6  35.000   3.584  18  13  46   1  22  99   4.605
 0 58 4 2   7.500   2.140   0  35   2   1  18  56   4.043
 0 45 3 0    .000    .000   0  32   4   0   2  38   3.664
 0 35 2 0    .000    .000   0  57   1   1   0  60   4.111
 0 33 1 0    .000    .000   0  39   0   0   4  42   3.761
 0 25 1 0    .000    .000   0  17   0   0   2  19   2.996
 0 63 4 0    .000    .000   0   0   1   0   0   1    .693
 0 26 1 0    .000    .000  23   0   9   3   9  43   3.784
 0 37 2 7  45.000   3.829  21   9   4   1   2  37   3.638
 0 30 1 7  45.000   3.829  18  20  20   1  11  69   4.248
 0 85 6 0    .000    .000   0  15   5   0   0  20   3.045
 0 36 2 0    .000    .000   0  30   9   0   0  40   3.714
 0 45 3 0    .000    .000   0  12   1   0   0  13   2.639
 0 51 3 0    .000    .000   0   4  54   0  14  73   4.304
 0 63 4 2   7.500   2.140   1  24   0   0   9  34   3.555
 0 43 2 2   7.500   2.140   0  37   1   0   2  39   3.689
 0 42 2 0    .000    .000   0  16   0   0   2  17   2.890
 0 49 3 4  17.500   2.918   2   0  42   0   0  44   3.807
 0 27 1 0    .000    .000   4   0   2   0   0   6   1.946
 0 52 3 4  17.500   2.918   2  66   5   0   0  73   4.304
 0 51 3 6  35.000   3.584   0  90  11   0   5 107   4.682
 0 36 2 5  25.000   3.258   0  10  35   5   5  55   4.025
 0 60 4 3  12.500   2.603   0  49   0   0  32  82   4.419
 0 57 4 2   7.500   2.140  40   0   5   0   0  45   3.829
 0 64 4 5  25.000   3.258   7   0  48   1   0  56   4.043
 0 36 2 0    .000    .000   9   7  25   2   2  44   3.807
 0 33 1 1   2.500   1.253   6   3  40   1   1  50   3.932
 0 48 3 3  12.500   2.603   0   0  46   1   4  51   3.951
 0 41 2 0    .000    .000   7  20  11   1   1  40   3.714
 0 35 2 4  17.500   2.918  32   0  22   1   0  55   4.025
 0 32 1 0    .000    .000  40   0   1   1   2  44   3.807
 0 44 2 2   7.500   2.140   9   0  46   8   0  63   4.159
 0 62 4 5  25.000   3.258   0  60  20   3   9  92   4.533
 0 43 2 0    .000    .000  40   0   3   0  11  54   4.007
 0 65 5 3  12.500   2.603   0  54   5   0  38  97   4.585
 0 48 3 2   7.500   2.140   0  53   8   1  20  82   4.419
 0 47 3 0    .000    .000   0  69   1   0  27  97   4.585
 0 38 2 2   7.500   2.140   0  16  10   1   0  27   3.332
 0 66 5 2   7.500   2.140   0   0  20   0   2  22   3.135
 0 31 1 0    .000    .000   0  30   0   0   0  30   3.434
 0 35 2 0    .000    .000  13  10  38   2   2  64   4.174
 0 36 2 5  25.000   3.258   0   0   0   0   0   0    .000
 0 61 4 1   2.500   1.253   2  90  26   1  22 141   4.956
 0 40 2 1   2.500   1.253   0   0   2   0   5   8   2.197
 0 33 1 0    .000    .000  10  19  20   3   9  61   4.127
 0 26 1 0    .000    .000  14  25   2   1   0  42   3.761
 0 70 5 2   7.500   2.140   0  25  40   2  81 148   5.004
 0 71 5 2   7.500   2.140   1  64  10   0  23  99   4.605
 0 70 5 5  25.000   3.258   0   0  28   4  63  96   4.575
 0 63 4 1   2.500   1.253   0  80   2   2  27 110   4.710
 0 67 5 3  12.500   2.603   0   0  40   0   0  40   3.714
 0 39 2 4  17.500   2.918   0  53   1   0   0  54   4.007
 0 49 3 0    .000    .000   0   0   0   0   0   0    .000
 0 82 6 3  12.500   2.603   3  30  16   1  11  61   4.127
 0 41 2 0    .000    .000   0  11   1   0   9  21   3.091
 0 67 5 0    .000    .000   0   3  40   1   2  45   3.829
 0 73 5 2   7.500   2.140   0   0  40   1   5  46   3.850
 0 71 5 0    .000    .000   0  30   8   0  41  79   4.382
 0 42 2 3  12.500   2.603  34  17  48  10  16 125   4.836
 0 26 1 4  17.500   2.918   2  40   9   1   9  61   4.127
 0 58 4 4  17.500   2.918   0   0  75  10   0  85   4.454
 0 37 2 3  12.500   2.603   7   9  11   1   1  28   3.367
 0 61 4 0    .000    .000   0  51  70   1   4 126   4.844
 0 62 4 0    .000    .000  21   0  33  19   7  80   4.394
 0 64 4 0    .000    .000   0  13  22   1   0  36   3.611
 0 65 5 4  17.500   2.918   1   0   0  10   0  11   2.485
 0 47 3 3  12.500   2.603   6  11   4   0   0  21   3.091
 0 74 5 2   7.500   2.140   0   0   3   1   0   4   1.609
 0 26 1 0    .000    .000  11  46   2   0   0  59   4.094
 0 49 3 0    .000    .000   0   4   1   0   0   5   1.792
 0 49 3 3  12.500   2.603   0   0  54   0   0  54   4.007
 0 47 3 5  25.000   3.258   0   0   0   3   9  12   2.565
 0 54 3 0    .000    .000   0  48  10   0   0  58   4.078
 0 33 1 3  12.500   2.603   0  35   5   0   5  46   3.850
 0 58 4 2   7.500   2.140   0  90  16   5   2 113   4.736
 0 47 3 0    .000    .000   1   0   6   0   0   7   2.079
 0 33 1 3  12.500   2.603   4  84   0   4   0  91   4.522
 0 44 2 0    .000    .000   0  82   2   3  22 108   4.691
 0 65 5 0    .000    .000   3   0  46   4   2  54   4.007
 0 57 4 0    .000    .000   0  66   9   1   0  76   4.344
 0 46 3 2   7.500   2.140   0  11  57   1   0  69   4.248
 0 38 2 1   2.500   1.253   0  30   5   1   0  36   3.611
 0 81 6 7  45.000   3.829   4  15   0   3  11  33   3.526
 0 75 6 5  25.000   3.258   0  57  12   0   0  69   4.248
 0 27 1 2   7.500   2.140  60   0   9   1   0  71   4.277
 0 59 4 0    .000    .000  37   9  24   3   5  78   4.369
 0 28 1 8  60.000   4.111   0   0   0   0   0   0    .000
 0 36 2 5  25.000   3.258   0   0  22  11   0  33   3.526
 0 59 4 3  12.500   2.603   0   0  12   1   0  13   2.639
 0 59 4 4  17.500   2.918   0   0   3   0   0   3   1.386
 0 54 3 1   2.500   1.253   6   0  32   1   2  41   3.738
 0 69 5 0    .000    .000   0   0   3   0   0   3   1.386
 0 52 3 4  17.500   2.918   0   0  51   2   1  55   4.025
 0 64 4 3  12.500   2.603   5   0   6   1   0  12   2.565
 0 52 3 0    .000    .000   0  38  10   1   4  53   3.989
 0 39 2 7  45.000   3.829   1   0 100   5   0 106   4.673
 0 41 2 3  12.500   2.603  10   0  49   4   7  70   4.263
 0 41 2 7  45.000   3.829   0   0   6   0   0   6   1.946
 0 58 4 5  25.000   3.258   0  54  16   0  13  83   4.431
 0 64 4 0    .000    .000   0  36   0   0   0  36   3.611
 0 53 3 0    .000    .000  20   0  35   1   0  56   4.043
 0 55 4 2   7.500   2.140   0 105   8   0   0 113   4.736
 0 38 2 1   2.500   1.253   0  18   5   1   2  26   3.296
 0 64 4 0    .000    .000   0  32   2   0   0  33   3.526
 0 26 1 0    .000    .000   0  42   0   0   0  42   3.761
 0 60 4 2   7.500   2.140   3  75  42   0   0 120   4.796
 0 61 4 6  35.000   3.584   0   0 120   0   9 129   4.868
 0 62 4 0    .000    .000   0  20  10   0   5  35   3.584
 0 63 4 0    .000    .000   0  20   1   0   0  20   3.045
 0 42 2 0    .000    .000  12   0   9   0   0  21   3.091
 0 38 2 0    .000    .000   0  32  48   1   0  81   4.407
 0 69 5 5  25.000   3.258   0   0  18   0  14  33   3.526
 0 63 4 5  25.000   3.258   0   0  32   7   4  43   3.784
 0 60 4 5  25.000   3.258  40   0  13   1   5  59   4.094
 0 26 1 0    .000    .000   0   2   0   0   0   2   1.099
 0 58 4 2   7.500   2.140   4   0  19   1   0  23   3.178
 0 52 3 1   2.500   1.253   0  43   5   1   1  50   3.932
 0 38 2 3  12.500   2.603   2   0  48   6   9  65   4.190
 0 35 2 1   2.500   1.253   6  49   4   1   4  64   4.174
 0 42 2 0    .000    .000  29  12   4   0  11  55   4.025
 0 53 3 3  12.500   2.603   0   0  92   0   4  96   4.575
 0 41 2 0    .000    .000   0  30   2   0   0  32   3.497
 0 40 2 3  12.500   2.603   0   0   0   0   0   0    .000
 0 41 2 5  25.000   3.258   8   0  40   0   0  48   3.892
 0 79 6 0    .000    .000   0   0   5   0   0   5   1.792
 0 67 5 3  12.500   2.603   0  33   2   0   2  36   3.611
 0 64 4 4  17.500   2.918   0  39   2   0   2  42   3.761
 0 32 1 0    .000    .000  20   0   0   0   0  20   3.045
 0 28 1 2   7.500   2.140  13   8   3   1   4  29   3.401
 0 59 4 2   7.500   2.140   0  59  41   1  11 112   4.727
 0 32 1 0    .000    .000   3   0  70   8   0  81   4.407
 0 25 1 0    .000    .000  15  19   0   1   0  35   3.584
 0 63 4 4  17.500   2.918   0  35   2   1   4  41   3.738
 0 58 4 1   2.500   1.253   0   0  37   0   0  37   3.638
 0 41 2 0    .000    .000   4  49   3   0   3  59   4.094
 0 26 1 0    .000    .000   0  27  18   1   1  47   3.871
 0 52 3 4  17.500   2.918   0  16  12   1  22  50   3.932
 0 49 3 5  25.000   3.258   0  32   5   0   0  37   3.638
 0 61 4 0    .000    .000   0  57   5   0   5  68   4.234
 0 56 4 0    .000    .000   0  18  10   0   0  28   3.367
 0 43 2 4  17.500   2.918   0   0  50   5   7  63   4.159
 0 72 5 0    .000    .000   0  36   4   0   0  40   3.714
 0 45 3 2   7.500   2.140   0   0  32   4   0  36   3.611
 0 33 1 0    .000    .000  34  18  10   1   5  68   4.234
 0 57 4 2   7.500   2.140   0  66   0   1  18  85   4.454
 0 50 3 4  17.500   2.918   0  60   5   1   0  66   4.205
 0 71 5 2   7.500   2.140   0   9  35   1  32  77   4.357
 0 42 2 5  25.000   3.258   6  12  30   0   0  48   3.892
 0 32 1 1   2.500   1.253   0  42  12   1   4  59   4.094
 0 38 2 4  17.500   2.918  40   0  48   1  22 111   4.718
 0 37 2 0    .000    .000   0   0  16   0   0  16   2.833
 0 35 2 0    .000    .000   6   0  48   8  25  88   4.489
 0 74 5 4  17.500   2.918   0   0  37   0   0  37   3.638
 0 35 2 0    .000    .000   0   0   0   0   0   0    .000
 0 58 4 3  12.500   2.603   0  18   2   0   0  20   3.045
 0 34 1 0    .000    .000   0  12  14   0   0  27   3.332
 0 41 2 0    .000    .000   3   0  31   4   2  40   3.714
 0 40 2 2   7.500   2.140   0  42   5   1   2  49   3.912
 0 35 2 1   2.500   1.253  20   7  28   1   0  57   4.060
 0 27 1 6  35.000   3.584   6   0  40   1   2  49   3.912
 0 64 4 7  45.000   3.829   0  57  22   0   0  79   4.382
 0 37 2 5  25.000   3.258  13   0  88  17   7 125   4.836
 0 69 5 0    .000    .000   0  26   0   0   0  26   3.296
 0 50 3 1   2.500   1.253   0  18  90   1   0 109   4.700
 0 79 6 6  35.000   3.584   5   0  21   0   0  26   3.296
 0 64 4 2   7.500   2.140   0   0  14   1   0  14   2.708
 0 71 5 5  25.000   3.258   1  13  44   4  11  72   4.290
 0 87 6 0    .000    .000   0   0   5   0   0   5   1.792
 0 39 2 0    .000    .000   2  16   2   0   4  23   3.178
 0 38 2 0    .000    .000   0  32   5   0   0  37   3.638
 0 58 4 1   2.500   1.253   0  31   0   0   0  31   3.466
 0 66 5 3  12.500   2.603   0  42  22   0  32  96   4.575
 0 57 4 5  25.000   3.258   8   0   6   4   0  17   2.890
 0 36 2 0    .000    .000   0  49  21   0   0  70   4.263
 0 67 5 5  25.000   3.258   0   0   6   1   0   7   2.079
 0 48 3 1   2.500   1.253   4   0  32   0   0  36   3.611
 0 26 1 0    .000    .000  10   8   1   0   0  19   2.996
 0 50 3 2   7.500   2.140   0  29   2   1   4  35   3.584
 0 50 3 0    .000    .000   5   0  57   8   0  71   4.277
 0 60 4 0    .000    .000   0  31  15   1   4  51   3.951
 0 52 3 0    .000    .000   0   0  10   1   0  11   2.485
 0 47 3 1   2.500   1.253   0  51   2   1  13  67   4.220
 0 67 5 1   2.500   1.253   0  18   2   0   0  20   3.045
 0 60 4 0    .000    .000   0  42   1   0   9  52   3.970
 0 36 2 0    .000    .000   0   0  88   1   0  89   4.500
 0 36 2 5  25.000   3.258  20   0  12   1   0  34   3.555
 0 33 1 6  35.000   3.584   0   0  26   0   0  26   3.296
 0 31 1 3  12.500   2.603   0   0  40   1   0  41   3.738
 0 33 1 2   7.500   2.140  26   0  15   0   0  41   3.738
 0 40 2 4  17.500   2.918   0   0  32   0   2  34   3.555
 0 27 1 2   7.500   2.140   5   0  42   1   2  49   3.912
 0 35 2 2   7.500   2.140  26  23   5   1   4  59   4.094
 0 60 4 0    .000    .000   0  11  25   1   0  37   3.638
 0 35 2 5  25.000   3.258   0   0  40   3   0  43   3.784
 0 48 3 5  25.000   3.258   0   0   5   0   0   5   1.792
 0 29 1 4  17.500   2.918   2   0  10   0   2  14   2.708
 0 59 4 0    .000    .000   0  20   2   0   0  22   3.135
 0 68 5 0    .000    .000   0   0  21   0   0  21   3.091
 0 61 4 2   7.500   2.140   0   0  20   0   0  20   3.045
 0 36 2 0    .000    .000   0   0  39   0   2  41   3.738
 0 40 2 1   2.500   1.253   0  27  13   0   2  42   3.761
 0 63 4 1   2.500   1.253   0  14  11   4   2  30   3.434
 0 45 3 2   7.500   2.140   0  32  10   1  13  55   4.025
 0 62 4 3  12.500   2.603   0  44  28   0  14  86   4.466
 0 64 4 5  25.000   3.258   0  41  12   0   9  62   4.143
 0 62 4 3  12.500   2.603   0   0  22   1   0  24   3.219
 0 39 2 5  25.000   3.258  39   0  48   2   2  91   4.522
 0 45 3 6  35.000   3.584  21   0   2   1   0  24   3.219
 0 71 5 0    .000    .000   0  20   2   0   0  21   3.091
 0 78 6 9  99.000  99.000   0   0   0   0   0   0    .000
 0 31 1 0    .000    .000   0  12   5   1   7  26   3.296
 0 57 4 5  25.000   3.258   4   0  40   1   7  52   3.970
 0 57 4 5  25.000   3.258   0   0   0   1   0   1    .693
 0 36 2 6  35.000   3.584   2   0  72   1   0  75   4.331
 0 52 3 2   7.500   2.140   0   5  12   0   0  18   2.944
 0 48 3 3  12.500   2.603   0   0   0   0   0   0    .000
 0 52 3 0    .000    .000   0  24  19   1  22  66   4.205
 0 59 4 0    .000    .000   0   0  42   1   0  44   3.807
 0 27 1 1   2.500   1.253   0   9  17   0   2  28   3.367
 0 50 3 0    .000    .000   8   9  37   1   0  55   4.025
 0 59 4 2   7.500   2.140   0   0  26   1   0  28   3.367
 0 51 3 4  17.500   2.918   0   0  42   1   0  44   3.807
 0 55 4 3  12.500   2.603   0   0   0   0   0   0    .000
 0 79 6 4  17.500   2.918   0   0  40   0   0  40   3.714
 0 69 5 2   7.500   2.140   0  27  11   1  16  56   4.043
 0 60 4 5  25.000   3.258   0  30  12   1   9  52   3.970
 0 66 5 3  12.500   2.603   0   0  74   5   0  79   4.382
 0 42 2 5  25.000   3.258   2   0  11   3   0  16   2.833
 0 48 3 5  25.000   3.258  28   0  36   0   0  64   4.174
 0 30 1 5  25.000   3.258   0   8   0  14   0  22   3.135
 0 27 1 0    .000    .000   0   0  12   3   0  14   2.708
 0 59 4 0    .000    .000   0   0  18   1   2  20   3.045
 0 27 1 0    .000    .000   0  14   0   0   0  14   2.708
 0 53 3 2   7.500   2.140   0  52  10   0   0  62   4.143
 0 70 5 2   7.500   2.140   0   0  21   0   0  21   3.091
 0 49 3 0    .000    .000   0  16  84   1   0 101   4.625
 0 45 3 0    .000    .000   5   8  15   0   0  28   3.367
 0 45 3 0    .000    .000   0   0  32   1   0  33   3.526
 0 44 2 3  12.500   2.603   5   8  31   0   0  44   3.807
 0 58 4 4  17.500   2.918   0  19  12   0   0  31   3.466
 0 62 4 5  25.000   3.258   0   0  60   1   2  63   4.159
 0 41 2 7  45.000   3.829  13   0  34   0   0  47   3.871
 0 44 2 0    .000    .000   0   0  20   2   2  24   3.219
 0 37 2 5  25.000   3.258  40   9  29   1   0  78   4.369
 0 62 4 4  17.500   2.918  50   0  18   1   9  78   4.369
 0 49 3 3  12.500   2.603   6   0   5   0   0  10   2.398
 0 29 1 0    .000    .000   0  15  10   0   0  25   3.258
 0 49 3 0    .000    .000   0   0  31   0   0  31   3.466
 0 76 6 0    .000    .000   0   2   6   0   2  10   2.398
 0 77 6 5  25.000   3.258   0  33  22   0   0  55   4.025
 0 33 1 5  25.000   3.258  11   0   5   1   0  17   2.890
 0 29 1 2   7.500   2.140   0   0  10   0   0  10   2.398
 0 45 3 5  25.000   3.258  23   3  20   2   0  47   3.871
 0 31 1 1   2.500   1.253  12   0   2   0   0  13   2.639
 0 36 2 4  17.500   2.918   0   0   0   0   0   0    .000
 0 47 3 0    .000    .000   0   0  42   1   0  43   3.784
 0 41 2 0    .000    .000   0   0  40   0   0  40   3.714
 0 48 3 5  25.000   3.258   0   0   0   0   0   0    .000
 0 44 2 7  45.000   3.829   0   0  30   1   5  37   3.638
 0 38 2 5  25.000   3.258  14   0  10   1   0  25   3.258
 0 41 2 0    .000    .000   0  27   3   1   0  31   3.466
 0 44 2 4  17.500   2.918   0   0  10   0   0  10   2.398
 0 56 4 4  17.500   2.918   4   2  21   1   0  28   3.367
 0 59 4 0    .000    .000   0  14  10   1   0  26   3.296
 0 49 3 5  25.000   3.258   0  19  26   1  11  56   4.043
 0 45 3 0    .000    .000   0   0  21   0   0  21   3.091
 0 71 5 2   7.500   2.140   0   0  16   1   1  18   2.944
 0 60 4 4  17.500   2.918   3  10  14   1   0  29   3.401
 0 50 3 3  12.500   2.603   0   0  16   2   0  18   2.944
 0 60 4 0    .000    .000   0  30   0   0   0  30   3.434
 0 72 5 1   2.500   1.253   0   0  18   1  20  39   3.689
 0 65 5 3  12.500   2.603   0   0  27   0   0  27   3.332
 0 38 2 6  35.000   3.584   0   0   2   1   2   5   1.792
 0 51 3 0    .000    .000  80   0   0   0   0  80   4.394
 0 65 5 4  17.500   2.918   0   0  46   1   0  46   3.850
 0 33 1 6  35.000   3.584   8   0  16   1   0  25   3.258
 0 35 2 1   2.500   1.253   3   0  41   1   0  45   3.829
 0 61 4 0    .000    .000   0  71   1   0  54 126   4.844
 0 58 4 3  12.500   2.603   1   0  27   3   2  33   3.526
 0 67 5 0    .000    .000   3   0  11   1   2  17   2.890
 0 60 4 5  25.000   3.258   0  30  10   1   2  42   3.761
 0 56 4 0    .000    .000   0   0  14   0   0  14   2.708
 0 45 3 7  45.000   3.829   2   0  32   1   0  35   3.584
 0 59 4 5  25.000   3.258  40   0  80   0   0 120   4.796
 0 45 3 0    .000    .000   1   0  40   1   1  43   3.784
 0 81 6 3  12.500   2.603   0   5   0   0   0   5   1.792
 0 42 2 0    .000    .000   0   0  40   1   0  41   3.738
 0 53 3 0    .000    .000   0   0  29   0   0  29   3.401
 0 38 2 4  17.500   2.918  20  78   1   0  16 115   4.754
 0 46 3 0    .000    .000   0  53   0   0   0  53   3.989
 0 42 2 0    .000    .000   0  13   5   2   0  20   3.045
 0 43 2 1   2.500   1.253   0  51  40   0  11 102   4.635
 0 53 3 5  25.000   3.258  15   0   0   0   0  15   2.773
 0 43 2 0    .000    .000   2  16   5   1   0  24   3.219
 0 60 4 2   7.500   2.140   0   1 105   1   0 107   4.682
 0 65 5 2   7.500   2.140   0   0   0   0   0   0    .000
 0 68 5 1   2.500   1.253   0  26   5   0   1  32   3.497
 0 49 3 1   2.500   1.253   0  23   5   0   0  28   3.367
 0 46 3 1   2.500   1.253   0  30   2   1   2  35   3.584
 0 78 6 1   2.500   1.253   0   0   8   6   5  19   2.996
 0 36 2 6  35.000   3.584   0  15   6   0   0  21   3.091
 0 69 5 1   2.500   1.253  10   0   0   0   0  10   2.398
 0 61 4 0    .000    .000   0   0  23   1   0  24   3.219
 0 38 2 1   2.500   1.253   3   0   0   0   0   3   1.386
 0 35 2 2   7.500   2.140   0  21  21   1  22  66   4.205
 0 70 5 2   7.500   2.140   0  29  24   0   0  53   3.989
 0 36 2 7  45.000   3.829   0   0   1   1   0   2   1.099
 0 60 4 5  25.000   3.258   2   0  26   1   4  33   3.526
 0 40 2 2   7.500   2.140   0  31   1   0   0  32   3.497
 0 72 5 3  12.500   2.603  31   0  32   0   5  69   4.248
 0 69 5 0    .000    .000   0   0   0   0   0   0    .000
 0 28 1 3  12.500   2.603   0   0   0   0   0   0    .000
 0 52 3 3  12.500   2.603   0   0  13   1   2  16   2.833
 0 64 4 3  12.500   2.603   0   0  26   2   0  29   3.401
 0 35 2 0    .000    .000   0   0  10   1   0  11   2.485
 0 43 2 3  12.500   2.603   3   0  49   7   2  61   4.127
 0 34 1 3  12.500   2.603   0   0  13   1   0  14   2.708
 0 62 4 2   7.500   2.140   0   0   5   0   0   5   1.792
 0 74 5 1   2.500   1.253   0   0  26   4   0  30   3.434
 0 52 3 3  12.500   2.603   0   1  25   0   2  27   3.332
 0 40 2 0    .000    .000   0   5  11   0   0  16   2.833
 0 29 1 3  12.500   2.603   0   0   8   1   2  11   2.485
 0 52 3 0    .000    .000   0   0   0   1   0   2   1.099
 0 40 2 0    .000    .000   0  16  36   0   0  52   3.970
 0 37 2 0    .000    .000   5   4  10   1   0  21   3.091
 0 44 2 5  25.000   3.258  10   0  13   8  16  48   3.892
 0 55 4 7  45.000   3.829   3   1  34   1   0  39   3.689
 0 57 4 4  17.500   2.918  13  17  12   1   0  44   3.807
 0 79 6 2   7.500   2.140   0  15  10   0   1  26   3.296
 0 66 5 1   2.500   1.253  46   0   0   0   0  46   3.850
 0 70 5 1   2.500   1.253   0   0   0   1   0   1    .693
 0 64 4 3  12.500   2.603   0   0  21   1   0  22   3.135
 0 58 4 0    .000    .000  13   0  56   0   0  69   4.248
 0 65 5 1   2.500   1.253   0  27  12   0   0  39   3.689
 0 36 2 1   2.500   1.253   0   0   0   0   0   0    .000
 0 45 3 0    .000    .000   0   0  25   1   0  26   3.296
 0 65 5 0    .000    .000   0  14   2   1   0  17   2.890
 0 31 1 7  45.000   3.829  40   0 104   1   0 145   4.984
 0 65 5 0    .000    .000   0   0  16   1   0  17   2.890
 0 52 3 4  17.500   2.918   0   0   1   1   0   2   1.099
 0 49 3 3  12.500   2.603  12   0  21   1   1  34   3.555
 0 45 3 3  12.500   2.603   0   0   0   0   0   0    .000
 0 72 5 3  12.500   2.603  21   0  73   1   0  95   4.564
 0 58 4 5  25.000   3.258   2   0  51   0   0  53   3.989
 0 51 3 3  12.500   2.603   0   0   5   1   0   7   2.079
 0 68 5 1   2.500   1.253   0  29   2   1   5  38   3.664
 0 46 3 1   2.500   1.253   0  20   0   0   2  22   3.135
 0 30 1 1   2.500   1.253   3  29   4   2   9  47   3.871
 0 63 4 0    .000    .000   0  44   0   1   0  45   3.829
 0 72 5 0    .000    .000   0  90   2   0   9 101   4.625
 0 32 1 0    .000    .000  12   0  16   1   0  29   3.401
 0 76 6 1   2.500   1.253   0   5  10   1   2  18   2.944
 0 48 3 0    .000    .000   0  31  22   1   1  55   4.025
 0 26 1 7  45.000   3.829  40   9  33   8   1  90   4.511
 0 55 4 2   7.500   2.140   0   0   0   0   0   0    .000
 0 39 2 3  12.500   2.603  10   0  24   1   0  35   3.584
 0 39 2 0    .000    .000   0   0  80   1   0  81   4.407
 0 41 2 3  12.500   2.603   0  24  10   1   2  38   3.664
 0 26 1 5  25.000   3.258   0   1  10   1   2  15   2.773
 0 37 2 5  25.000   3.258  31   0  40   1   0  72   4.290
 0 50 3 6  35.000   3.584  39   0   0   1   0  40   3.714
 0 70 5 1   2.500   1.253   0  35   2   1   1  39   3.689
 0 49 3 3  12.500   2.603   0   0  37   2   0  39   3.689
 0 42 2 3  12.500   2.603   0  31   0   0   0  31   3.466
 0 40 2 2   7.500   2.140   0   0  21   1   0  22   3.135
 0 60 4 3  12.500   2.603   0   0  38   0   2  40   3.714
 0 60 4 0    .000    .000  10   8  13   1   1  33   3.526
 0 28 1 0    .000    .000  18   0   4   0   0  23   3.178
 0 63 4 0    .000    .000   0   0  56   1   0  57   4.060
 0 56 4 2   7.500   2.140   1   0  13   3   0  16   2.833
 0 47 3 4  17.500   2.918   0   0   0   0   4   4   1.609
 0 37 2 0    .000    .000  13  13   0   4   0  29   3.401
 0 62 4 2   7.500   2.140   0  24   8   0   0  32   3.497
 0 72 5 5  25.000   3.258   0   0  10   1   0  10   2.398
 0 35 2 2   7.500   2.140   0   0   0   0   0   0    .000
 0 51 3 5  25.000   3.258   2  33  30   0   0  65   4.190
 0 64 4 3  12.500   2.603   0   0   0   0   0   0    .000
 0 91 6 1   2.500   1.253   0   0   4   0   0   4   1.609
 0 38 2 9  99.000  99.000   0   0   0   0   0   0    .000
 0 47 3 2   7.500   2.140   5   0   2   1   0   8   2.197
 0 32 1 0    .000    .000   0  12  10   0   0  22   3.135
 0 30 1 0    .000    .000   1   0  18   1   0  21   3.091
 0 85 6 4  17.500   2.918   0   0  18   1   0  19   2.996
 0 36 2 3  12.500   2.603  17   0  24   1   2  44   3.807
 0 59 4 5  25.000   3.258   3  19  24   1   2  49   3.912
 0 58 4 0    .000    .000   0   0  16   1   2  19   2.996
 0 35 2 0    .000    .000   0   0   0   0   0   0    .000
 0 63 4 5  25.000   3.258   0   0  56   0   0  56   4.043
 0 82 6 0    .000    .000   0   0  64   0   0  64   4.174
 0 63 4 0    .000    .000   0   0  66   0   0  66   4.205
 0 71 5 1   2.500   1.253   1  16  12   2  11  41   3.738
 0 27 1 0    .000    .000  16   0  10   1   0  28   3.367
 0 49 3 2   7.500   2.140   0  23   3   0   5  32   3.497
 0 46 3 0    .000    .000   0  36   2   1   5  45   3.829
 0 64 4 5  25.000   3.258   0  32   2   0   7  41   3.738
 0 71 5 0    .000    .000   0  12   0   0   0  12   2.565
 0 61 4 3  12.500   2.603  20  18  10   1   0  49   3.912
 0 42 2 0    .000    .000   0  36   3   0   0  39   3.689
 0 79 6 3  12.500   2.603   0  14   2   1  22  39   3.689
 0 72 5 4  17.500   2.918   0  63   5   0   9  77   4.357
 0 54 3 0    .000    .000   4  29   0   1   0  33   3.526
 0 29 1 5  25.000   3.258  14   0   6   2   0  22   3.135
 0 52 3 0    .000    .000   0  12   2   1   0  15   2.773
 0 65 5 2   7.500   2.140   0   6   6   0  14  27   3.332
 0 62 4 1   2.500   1.253   0   0  40   0   1  41   3.738
 0 69 5 2   7.500   2.140   0  19   3   0   0  21   3.091
 0 35 2 6  35.000   3.584  23   0  40   4   0  66   4.205
 0 48 3 0    .000    .000   0   0   0   0   0   0    .000
 0 49 3 0    .000    .000   0   0  36   1   2  39   3.689
 0 35 2 0    .000    .000   0   0  13   1   2  16   2.833
 0 48 3 1   2.500   1.253   0   2 112   0   0 114   4.745
 0 39 2 0    .000    .000   0   0  28   3   0  31   3.466
 0 87 6 0    .000    .000   0   0   5   0  11  16   2.833
 0 62 4 4  17.500   2.918   0   0   0   0   0   0    .000
 0 48 3 3  12.500   2.603  10   0  21   1   0  32   3.497
 0 45 3 4  17.500   2.918  18   2  62   5   0  86   4.466
 0 73 5 2   7.500   2.140   0  20   0   1  14  35   3.584
 0 80 6 0    .000    .000   0  13   0   0   0  13   2.639
 0 62 4 2   7.500   2.140   2   0  50   0   0  52   3.970
 0 40 2 0    .000    .000   0   0  27   1   0  28   3.367
 0 43 2 3  12.500   2.603   0  45  42   7   2  95   4.564
 0 65 5 2   7.500   2.140   0   0  72   1   2  75   4.331
 0 39 2 2   7.500   2.140   3  23   2   0   0  29   3.401
 0 61 4 5  25.000   3.258  24   0   0   0   0  24   3.219
 0 48 3 3  12.500   2.603   0  19   0   1   0  20   3.045
 0 59 4 3  12.500   2.603   0  23   5   1   0  29   3.401
 0 42 2 4  17.500   2.918   0  34  10   0   5  50   3.932
 0 31 1 3  12.500   2.603   1   0   2   4   0   8   2.197
 0 58 4 3  12.500   2.603   0  15  28   0   0  43   3.784
 0 72 5 2   7.500   2.140   0  22   0   0   0  22   3.135
 0 52 3 3  12.500   2.603   0  58  10   0   2  71   4.277
 0 45 3 5  25.000   3.258 100   0  48   0   0 148   5.004
 0 65 5 0    .000    .000   0   0  84   4   0  88   4.489
 0 21 1 5  25.000   3.258  13   0  27   1   0  42   3.761
 0 34 1 3  12.500   2.603   0   6  42   0   2  50   3.932
 0 80 6 0    .000    .000   0  36   4   1   0  41   3.738
 0 31 1 5  25.000   3.258   0  36   3   1   4  44   3.807
 0 67 5 4  17.500   2.918   4  21   0   0   0  25   3.258
 0 43 2 1   2.500   1.253   0  60   0   0   0  60   4.111
 0 33 1 0    .000    .000   0   0  68   1   2  71   4.277
 0 42 2 2   7.500   2.140   0   0   0   2   2   4   1.609
 0 59 4 0    .000    .000   0   0   0   1   0   1    .693
 0 56 4 2   7.500   2.140   0   0  26   0   5  31   3.466
 0 34 1 1   2.500   1.253  15   0  26   1   0  42   3.761
 0 71 5 3  12.500   2.603   0   0  21   0   0  21   3.091
 0 55 4 8  60.000   4.111   0   0  40   0   0  40   3.714
 0 43 2 1   2.500   1.253   7   0  48   2   0  57   4.060
 0 54 3 0    .000    .000   0   0  80   1   7  89   4.500
 0 30 1 4  17.500   2.918   3   0  38   2   0  42   3.761
 0 39 2 3  12.500   2.603   7  11   6   1   2  27   3.332
 0 40 2 1   2.500   1.253   6  40   4   0   0  50   3.932
 0 50 3 0    .000    .000   0   0  18   1   2  22   3.135
 0 69 5 3  12.500   2.603   0   0  94   1   2  97   4.585
 0 50 3 2   7.500   2.140   0   0  18   1   0  20   3.045
 0 59 4 7  45.000   3.829   0  27  24   0   0  51   3.951
 0 37 2 1   2.500   1.253  40   0  21   1   0  62   4.143
 0 74 5 0    .000    .000   0   0  21   1   0  22   3.135
 0 29 1 8  60.000   4.111  62   0   0   1   0  62   4.143
 0 73 5 2   7.500   2.140   0   0   1   0   0   1    .693
 0 41 2 5  25.000   3.258   0  27   0   1   0  28   3.367
 0 48 3 5  25.000   3.258  45   0  21   0   0  66   4.205
 0 67 5 3  12.500   2.603   0   0  13   3   0  16   2.833
 0 55 4 5  25.000   3.258   0   0   0   0   0   0    .000
 0 69 5 1   2.500   1.253   0  41   2   0   0  42   3.761
 0 64 4 2   7.500   2.140   0   0  10   0   0  10   2.398
 0 64 4 0    .000    .000  44   0  26   1   0  71   4.277
 0 50 3 0    .000    .000   0   0  48   0   0  48   3.892
 0 69 5 3  12.500   2.603  32  19  10   0   0  62   4.143
 0 47 3 0    .000    .000   0  90   0   1   2  93   4.543
 0 76 6 0    .000    .000   0   4   0   0   0   4   1.609
 0 68 5 5  25.000   3.258   2   0  18   0   0  20   3.045
 0 60 4 0    .000    .000   0  51   6   1  13  71   4.277
 0 33 1 2   7.500   2.140   3   0  20   1   0  24   3.219
 0 81 6 3  12.500   2.603   0   0  11   0   0  11   2.485
 0 50 3 1   2.500   1.253   1   0   0   0   0   1    .693
 0 30 1 2   7.500   2.140  29   2   0   0   0  31   3.466
 0 52 3 0    .000    .000   2   0  49   2   4  56   4.043
 0 30 1 7  45.000   3.829   9  17  22   2   7  58   4.078
 0 35 2 0    .000    .000   0  27   0   0   0  27   3.332
 0 38 2 2   7.500   2.140  11  29   2   1   0  43   3.784
 0 31 1 6  35.000   3.584  50   0   0   1  11  62   4.143
 0 30 1 5  25.000   3.258  27   0  26   1   2  56   4.043
 0 60 4 0    .000    .000   0  38  90   2   2 132   4.890
 0 40 2 1   2.500   1.253   0  31   2   1   9  43   3.784
 0 57 4 3  12.500   2.603  29  33  10   0   0  72   4.290
 0 60 4 0    .000    .000   0   0   0   0   0   0    .000
 0 39 2 0    .000    .000   0  19   0   0   0  19   2.996
 0 29 1 0    .000    .000  14  11   0   0   0  25   3.258
 0 46 3 1   2.500   1.253   0   0   2   0   0   2   1.099
 0 45 3 0    .000    .000   4  22   2   1   5  34   3.555
 0 55 4 5  25.000   3.258  90   0  21   1   7 119   4.787
 0 75 6 2   7.500   2.140   0  16  19   1  31  67   4.220
 0 41 2 5  25.000   3.258  32  24  48   1   9 114   4.745
 0 68 5 5  25.000   3.258   0  45  10   0  18  73   4.304
 0 65 5 2   7.500   2.140   0   0  10   0   0  10   2.398
 0 36 2 7  45.000   3.829  37   0  21   1   0  59   4.094
 0 43 2 7  45.000   3.829  40   0  21   0   2  63   4.159
 0 36 2 4  17.500   2.918  30   0  41   1   2  73   4.304
 0 48 3 0    .000    .000   0  32  10   0   0  42   3.761
 0 63 4 7  45.000   3.829   8   6   2   1   0  17   2.890
 0 61 4 3  12.500   2.603   0  83   0   0   0  83   4.431
 0 46 3 4  17.500   2.918   0  66   0   0   0  66   4.205
 0 56 4 0    .000    .000   0   0   0   0   0   0    .000
 0 30 1 0    .000    .000   0   2   0   0   0   2   1.099
 0 41 2 3  12.500   2.603  12   0  69   1   0  83   4.431
 0 35 2 3  12.500   2.603   0   0  57   1   0  59   4.094
 0 42 2 2   7.500   2.140   0  84   2   1   7  95   4.564
 0 54 3 2   7.500   2.140   0  30   0   1   4  35   3.584
 0 40 2 0    .000    .000   3   0  29   0   0  32   3.497
 0 43 2 1   2.500   1.253   2   0   8   1   0  11   2.485
 0 64 4 0    .000    .000   0  11   3   1   4  19   2.996
 0 35 2 3  12.500   2.603  24   0  24   1   2  51   3.951
 0 62 4 3  12.500   2.603   0  68  28   7   9 112   4.727
 0 60 4 1   2.500   1.253   0  51   0   1   9  61   4.127
 0 50 3 5  25.000   3.258   0   0  72   1   0  73   4.304
 0 43 2 0    .000    .000   2  45   1   0   0  48   3.892
 0 44 2 2   7.500   2.140   0   0   0   0   0   0    .000
 0 40 2 6  35.000   3.584   6  36   0   5   0  47   3.871
 0 70 5 2   7.500   2.140  20   0  20   1   2  43   3.784
 0 39 2 5  25.000   3.258  60   0   6   3   7  76   4.344
 0 42 2 3  12.500   2.603   0  20  21   4   0  46   3.850
 0 34 1 0    .000    .000   0   1  32   1   4  38   3.664
 0 34 1 0    .000    .000   0  16   0   1   0  17   2.890
 0 32 1 0    .000    .000  10   8   0   0   0  18   2.944
 0 27 1 0    .000    .000   0   0   5   1   0   6   1.946
 0 48 3 2   7.500   2.140  13   0  19   1   0  34   3.555
 0 52 3 5  25.000   3.258  10  27  21   3   2  62   4.143
 0 68 5 1   2.500   1.253   0  87   0   0   0  87   4.477
 0 59 4 0    .000    .000   0  38   0   1   5  44   3.807
 0 44 2 3  12.500   2.603  10  27   0   0   0  37   3.638
 0 69 5 0    .000    .000   0   0   5   0   0   5   1.792
 0 43 2 6  35.000   3.584  56   0   0   1   0  57   4.060
 0 63 4 3  12.500   2.603   0  68   2   0   5  75   4.331
 0 51 3 5  25.000   3.258  40  30  16   0   5  92   4.533
 0 48 3 1   2.500   1.253   0   6   0   0   2   8   2.197
 0 53 3 5  25.000   3.258   0   0  90   1   0  92   4.533
 0 42 2 2   7.500   2.140   0  13  10   1   0  25   3.258
 0 62 4 5  25.000   3.258   0   0   0   0   0   0    .000
 0 63 4 0    .000    .000   0   0   0   0   0   0    .000
 0 52 3 1   2.500   1.253   0   0  40   1   0  41   3.738
 0 35 2 3  12.500   2.603   0   0  24   3   0  27   3.332
 0 48 3 4  17.500   2.918   3   0  21  10   5  39   3.689
 0 30 1 0    .000    .000   0   0   0   0   0   0    .000
 0 60 4 1   2.500   1.253   0   0   0   0   0   0    .000
 0 34 1 0    .000    .000   0   0   0   1   0   1    .693
 0 49 3 1   2.500   1.253   0  42   2   0   0  45   3.829
 0 39 2 1   2.500   1.253   0   6   2   0   0   7   2.079
 0 49 3 4  17.500   2.918   0   0  80   1   0  81   4.407
 0 42 2 0    .000    .000   0   1   3   0   0   5   1.792
 0 52 3 5  25.000   3.258   0  31  12   1   0  45   3.829
 0 63 4 1   2.500   1.253  40   0  40   1   0  81   4.407
 0 50 3 1   2.500   1.253   0  29  26   1   0  56   4.043
 0 34 1 0    .000    .000   1   0  40   1   2  45   3.829
 0 30 1 5  25.000   3.258  17   0  14   1   0  33   3.526
 0 45 3 5  25.000   3.258  11  46  22   1   0  81   4.407
 0 70 5 2   7.500   2.140   0   0   0   0   0   0    .000
 0 27 1 0    .000    .000   0   0  21   1   0  22   3.135
 0 26 1 4  17.500   2.918   0   0  10   2   0  12   2.565
 0 81 6 5  25.000   3.258   0   0  30   9   4  43   3.784
 0 63 4 3  12.500   2.603   0   0  10   1   0  10   2.398
 0 64 4 5  25.000   3.258   0  18  11   1   2  32   3.497
 0 69 5 1   2.500   1.253   0  45   2   1   4  52   3.970
 0 64 4 1   2.500   1.253   0  23  34   1   5  65   4.190
 0 64 4 0    .000    .000   0   0   0   1   5   7   2.079
 0 37 2 4  17.500   2.918   0   0  50   0   0  50   3.932
 0 72 5 5  25.000   3.258   0   0  21   1   0  22   3.135
 0 44 2 7  45.000   3.829   0   0  21   4   0  24   3.219
 0 40 2 0    .000    .000   0   0  48   1   1  50   3.932
 0 64 4 3  12.500   2.603  72   0  21   1   2  95   4.564
 0 65 5 1   2.500   1.253   0  15   1   1   0  17   2.890
 0 60 4 2   7.500   2.140   0  38   1   3   4  45   3.829
 0 30 1 7  45.000   3.829   0   0  26   0   0  26   3.296
 0 51 3 4  17.500   2.918   0   0  20   0   2  22   3.135
 0 54 3 5  25.000   3.258   0  33   0   0   7  40   3.714
 0 59 4 0    .000    .000   0  39  21   1   5  66   4.205
 0 52 3 0    .000    .000  49   0   6   0  20  75   4.331
 0 33 1 0    .000    .000   8   0  42   1   0  51   3.951
 0 39 2 0    .000    .000  43  13   2   0   0  57   4.060
 0 64 4 2   7.500   2.140  42  53   0   0   9 104   4.654
 0 61 4 3  12.500   2.603   5  22  12   1   2  41   3.738
 0 46 3 0    .000    .000   0  28   8   1   0  38   3.664
 0 32 1 0    .000    .000   0  15  26   0   0  41   3.738
 0 73 5 1   2.500   1.253   0  90   0   0   5  95   4.564
 0 55 4 2   7.500   2.140   0  60   2   1   5  68   4.234
 0 27 1 4  17.500   2.918   9   0  52   0   0  61   4.127
 0 52 3 7  45.000   3.829   0   0  61   1   0  63   4.159
 0 58 4 0    .000    .000   5  45  12   2   2  66   4.205
 0 78 6 0    .000    .000   0   0   8   0   0   8   2.197
 0 36 2 3  12.500   2.603   5  15   2   1   0  24   3.219
 0 27 1 1   2.500   1.253  20  30   9   1   4  64   4.174
 0 49 3 2   7.500   2.140   0   0   8   0   0   8   2.197
 0 61 4 1   2.500   1.253   0   0  16   0   0  16   2.833
 0 58 4 1   2.500   1.253   0  53  10   1   0  64   4.174
 0 52 3 7  45.000   3.829   3   0   0   0   0   3   1.386
 0 59 4 0    .000    .000   0   0  30   0   0  30   3.434
 0 42 2 1   2.500   1.253   0   0   2   1   0   3   1.386
 0 44 2 5  25.000   3.258   0   1  58   1  11  70   4.263
 0 47 3 2   7.500   2.140   0   0   6   1   4  11   2.485
 0 70 5 5  25.000   3.258   0  45   0   0   0  45   3.829
 0 68 5 0    .000    .000   0   0   0   0   0   0    .000
 0 49 3 3  12.500   2.603   0  60   2   1   4  67   4.220
 0 73 5 3  12.500   2.603   0  27   5   0   0  32   3.497
 0 43 2 6  35.000   3.584   0   0  16   1   7  25   3.258
 0 38 2 0    .000    .000   0  28   9   0   0  37   3.638
 0 53 3 2   7.500   2.140   0  12   0   0   4  16   2.833
 0 35 2 0    .000    .000   0  15   0   2   0  17   2.890
 0 28 1 0    .000    .000   0  23   5   1   2  30   3.434
 0 82 6 2   7.500   2.140   0  19   1   0   0  20   3.045
 0 58 4 1   2.500   1.253   0  25   0   0   0  25   3.258
 0 43 2 3  12.500   2.603   0  37   2   0   2  40   3.714
 0 40 2 0    .000    .000   0  30   0   1   0  31   3.466
 0 32 1 6  35.000   3.584 103  27  15   0   4 148   5.004
 0 35 2 0    .000    .000  13  45  24   1   4  87   4.477
 0 35 2 0    .000    .000   7  23  83   1   2 116   4.762
 0 65 5 3  12.500   2.603   0  45  10   0   5  61   4.127
 0 61 4 3  12.500   2.603   0   6  15   3   9  33   3.526
 0 39 2 0    .000    .000   0   2   1   0   0   3   1.386
 0 47 3 0    .000    .000   0   2  52   1   2  56   4.043
 0 62 4 2   7.500   2.140   0  30   3   1   9  43   3.784
 0 64 4 2   7.500   2.140   2   0  82   1   1  86   4.466
 0 48 3 3  12.500   2.603  14   0  30   1   0  45   3.829
 0 37 2 1   2.500   1.253   0  46   6   0   0  52   3.970
 0 25 1 5  25.000   3.258   1  60   7   1   2  71   4.277
 0 71 5 1   2.500   1.253   3  83   2   1  11  99   4.605
 0 34 1 2   7.500   2.140   0   0  24   4   0  28   3.367
 0 44 2 4  17.500   2.918   1   0  32   1   0  34   3.555
 0 67 5 1   2.500   1.253   0  10   0   1   2  13   2.639
 0 35 2 0    .000    .000   0   1  17   2   0  20   3.045
 0 40 2 0    .000    .000   9   0   2   1   2  13   2.639
 0 59 4 5  25.000   3.258   0   2  13   0   0  15   2.773
 0 44 2 5  25.000   3.258  20   0  13   1   0  34   3.555
 0 29 1 3  12.500   2.603   5   0  17   0   2  24   3.219
 0 43 2 0    .000    .000  40   0   0   0   0  40   3.714
 0 28 1 0    .000    .000   0  15   0   0   9  24   3.219
 0 28 1 3  12.500   2.603   0   0   0   2   0   2   1.099
 0 25 1 6  35.000   3.584  13   0  40   1   0  55   4.025
 0 33 1 6  35.000   3.584  24   0  40   5   0  69   4.248
 0 52 3 4  17.500   2.918   0   0  54   2   0  56   4.043
 0 39 2 4  17.500   2.918  71   0   0   3  11  85   4.454
 0 30 1 5  25.000   3.258   0   0  25   1   0  27   3.332
 0 42 2 4  17.500   2.918  13   0 105   1   0 120   4.796
 0 62 4 3  12.500   2.603   2   0  32   0   4  37   3.638
 0 35 2 1   2.500   1.253   1   0  28   1   2  31   3.466
 1 50 3 7  45.000   3.829  26   0 126   0   4 156   5.056
 1 56 4 6  35.000   3.584  40   0  91   1  38 170   5.142
 1 65 5 2   7.500   2.140   0  68   2   1   2  73   4.304
 1 74 5 2   7.500   2.140   0  96   0   0  11 107   4.682
 1 62 4 2   7.500   2.140   0  68  10   0   0  79   4.382
 1 60 4 5  25.000   3.258   0  73  22   0  14 110   4.710
 1 64 4 2   7.500   2.140   3  53  24   0   2  81   4.407
 1 71 5 2   7.500   2.140   0  80   0   1  16  97   4.585
 1 61 4 7  45.000   3.829  38   0  80  20  22 159   5.075
 1 43 2 3  12.500   2.603   0   0  63   0   0  63   4.159
 1 61 4 3  12.500   2.603   0  75   2   0  23 100   4.615
 1 66 5 0    .000    .000   0  84   0   1  43 128   4.860
 1 68 5 2   7.500   2.140   0  18   0   1  43  63   4.159
 1 70 5 1   2.500   1.253   0  50   0   0   0  50   3.932
 1 62 4 3  12.500   2.603   0   0  55   0   4  59   4.094
 1 71 5 3  12.500   2.603   0   1   0   0   2   3   1.386
 1 81 6 3  12.500   2.603   0   0   2   0   0   2   1.099
 1 64 4 1   2.500   1.253   0  28   0   0   0  28   3.367
 1 42 2 5  25.000   3.258   0  30 160   1  25 216   5.380
 1 68 5 2   7.500   2.140   0   0  40   1  11  52   3.970
 1 65 5 2   7.500   2.140   0   0   2   0   0   2   1.099
 1 50 3 2   7.500   2.140 100  15  40   0   2 157   5.063
 1 70 5 4  17.500   2.918   0  15   4   0   4  23   3.178
 1 58 4 3  12.500   2.603   0  90   0   0   0  90   4.511
 1 52 3 5  25.000   3.258  40   0  43   1   0  84   4.443
 1 56 4 5  25.000   3.258   0   0  56   0   0  56   4.043
 1 58 4 6  35.000   3.584   0  23   0   0   0  23   3.178
 1 59 4 3  12.500   2.603   0  83  21   1  22 126   4.844
 1 55 4 2   7.500   2.140   2  71  30   0  11 114   4.745
 1 58 4 1   2.500   1.253  10  30   2   1  20  62   4.143
 1 57 4 3  12.500   2.603   0  21  14   0   0  35   3.584
 1 51 3 0    .000    .000   5  23  16   1   0  45   3.829
 1 58 4 5  25.000   3.258   0   0  77   8   0  85   4.454
 1 53 3 6  35.000   3.584   5   0  40   1   0  46   3.850
 1 74 5 1   2.500   1.253   0  61   3   0   7  71   4.277
 1 72 5 5  25.000   3.258   0   0  63   1   0  65   4.190
 1 47 3 3  12.500   2.603  86   0  24   0   0 109   4.700
 1 63 4 2   7.500   2.140  42   0  37   1  14  95   4.564
 1 67 5 2   7.500   2.140   0  39   1   0   2  42   3.761
 1 66 5 5  25.000   3.258   0   0  80   1   0  81   4.407
 1 44 2 3  12.500   2.603  52   4  12   0   0  69   4.248
 1 55 4 2   7.500   2.140   4  50   1   0  22  76   4.344
 1 59 4 3  12.500   2.603   0  50   2   1   4  57   4.060
 1 67 5 1   2.500   1.253   0  53  46   1   0 101   4.625
 1 47 3 3  12.500   2.603   0  59   0   2  11  72   4.290
 1 76 6 2   7.500   2.140   0  30  14   2  11  57   4.060
 1 68 5 2   7.500   2.140   2  12  57   1   2  74   4.317
 1 66 5 2   7.500   2.140   1  60  12   0   5  78   4.369
 1 64 4 4  17.500   2.918   0 105  46   0 117 268   5.595
 1 76 6 3  12.500   2.603   0   4  10   0   0  13   2.639
 1 46 3 6  35.000   3.584   4   0  36   1   0  41   3.738
 1 61 4 5  25.000   3.258   0   0 104   0   0 104   4.654
 1 59 4 8  60.000   4.111   2   0  21   1   0  24   3.219
 1 67 5 4  17.500   2.918  80   0  12   0   0  92   4.533
 1 69 5 0    .000    .000   0  60   7   0   0  67   4.220
 1 49 3 4  17.500   2.918  42   0  22   0  22  86   4.466
 1 58 4 5  25.000   3.258   2  13  21   1   0  36   3.611
 1 59 4 7  45.000   3.829   0   0 121   2  22 145   4.984
 1 59 4 2   7.500   2.140   0  64   0   0  54 118   4.779
 1 65 5 6  35.000   3.584  20  30  40   0  43 133   4.898
 1 63 4 4  17.500   2.918   0  41  88   8  14 151   5.024
 1 59 4 3  12.500   2.603  20  60  18   0  16 114   4.745
 1 60 4 2   7.500   2.140   0  12  30   0  18  60   4.111
 1 61 4 0    .000    .000   0   0  82   1   4  87   4.477
 1 48 3 3  12.500   2.603   0  45  10   0   0  55   4.025
 1 65 5 0    .000    .000  22   0  42   0   0  64   4.174
 1 74 5 3  12.500   2.603   0  30  15   4  18  66   4.205
 1 45 3 5  25.000   3.258  66   0  80  15   2 163   5.100
 1 67 5 1   2.500   1.253   0  33   3   1  23  61   4.127
 1 66 5 5  25.000   3.258   2   2  47   2   2  54   4.007
 1 71 5 2   7.500   2.140   0  31  26   0  20  77   4.357
 1 51 3 4  17.500   2.918  66   0  92   5   1 164   5.106
 1 53 3 2   7.500   2.140   0  98   0   0  11 108   4.691
 1 61 4 3  12.500   2.603   0   0 100   0   5 105   4.663
 1 75 6 2   7.500   2.140   0   0   5   0   0   5   1.792
 1 66 5 3  12.500   2.603   0 101  21   1  25 148   5.004
 1 63 4 2   7.500   2.140   0  68  40   1  18 127   4.852
 1 68 5 5  25.000   3.258   0  23  72   0  56 151   5.024
 1 58 4 7  45.000   3.829   0   0  90   3   0  93   4.543
 1 64 4 7  45.000   3.829   0   0   0   0   0   0    .000
 1 68 5 5  25.000   3.258   0  22  10   0   0  32   3.497
 1 50 3 2   7.500   2.140   0  51   0   0   2  53   3.989
 1 61 4 6  35.000   3.584   0   0 146   3  16 165   5.112
 1 64 4 3  12.500   2.603   0   0  36   0   0  36   3.611
 1 59 4 5  25.000   3.258   6  15  42   1  11  76   4.344
 1 63 4 1   2.500   1.253   0  48   0   0   7  55   4.025
 1 63 4 5  25.000   3.258   0   0  24   1   2  27   3.332
 1 45 3 7  45.000   3.829  97   2  46   1   2 149   5.011
 1 59 4 6  35.000   3.584  26   0  54   1   0  82   4.419
 1 68 5 2   7.500   2.140   0   0  80   0  11  91   4.522
 1 75 6 3  12.500   2.603   0  78  42   0  25 146   4.990
 1 53 3 2   7.500   2.140   0  39   8   0   9  56   4.043
 1 69 5 5  25.000   3.258   0   1  62   1   5  70   4.263
 1 67 5 1   2.500   1.253   0   0  27   1  18  46   3.850
 1 67 5 3  12.500   2.603   0   0   0   1   0   1    .693
 1 60 4 6  35.000   3.584   0  57   0   0  16  73   4.304
 1 52 3 0    .000    .000   0  33  62   1   7 103   4.644
 1 57 4 4  17.500   2.918  90  39  28   1  27 186   5.231
 1 70 5 5  25.000   3.258   0   0  42   2   0  44   3.807
 1 56 4 1   2.500   1.253   0   0   0   0   0   0    .000
 1 43 2 4  17.500   2.918  37   0  21   1   2  61   4.127
 1 49 3 1   2.500   1.253  10   0  35   0   0  45   3.829
 1 62 4 3  12.500   2.603   0   0  56   8  36 100   4.615
 1 48 3 3  12.500   2.603   0  76   2   0   9  86   4.466
 1 64 4 5  25.000   3.258   0  76  42   5  34 156   5.056
 1 62 4 3  12.500   2.603   0  43  10   1   9  64   4.174
 1 72 5 6  35.000   3.584   0  15  71   1  14 102   4.635
 1 51 3 5  25.000   3.258   0  30  20   0  14  64   4.174
 1 64 4 0    .000    .000   1   8  86   1   2  97   4.585
 1 49 3 2   7.500   2.140   0 109   0   0  14 123   4.820
 1 48 3 3  12.500   2.603  40  21  24   1   0  86   4.466
 1 75 6 3  12.500   2.603   0  30  41   0   7  78   4.369
 1 47 3 5  25.000   3.258   0  68   3   0   0  70   4.263
 1 53 3 3  12.500   2.603   0  75   7   0   0  82   4.419
 1 53 3 7  45.000   3.829   0   3  82   0   0  85   4.454
 1 68 5 2   7.500   2.140   0   0   0   0   0   0    .000
 1 59 4 6  35.000   3.584   0  20  10   0   0  30   3.434
 1 60 4 5  25.000   3.258   0   0  57   1   4  62   4.143
 1 51 3 7  45.000   3.829   0   0  41   1   9  51   3.951
 1 68 5 1   2.500   1.253   0   0  31   0   0  31   3.466
 1 58 4 2   7.500   2.140   1  38  21   0   5  66   4.205
 1 61 4 5  25.000   3.258   0  48  21   1   0  71   4.277
 1 63 4 3  12.500   2.603   2  26  10   1   5  45   3.829
 1 61 4 7  45.000   3.829  13   0  62   0   0  76   4.344
 1 66 5 3  12.500   2.603   5  60  10   0   1  76   4.344
 1 53 3 7  45.000   3.829   0 105  26   0  27 158   5.069
 1 66 5 5  25.000   3.258   0   0   0   0   0   0    .000
 1 39 2 5  25.000   3.258   0   0  45   0   0  45   3.829
 1 52 3 6  35.000   3.584  10  16  48   4   0  77   4.357
 1 65 5 3  12.500   2.603   0  24   2   0   0  25   3.258
 1 67 5 2   7.500   2.140   0  18   0   1  11  30   3.434
 1 51 3 2   7.500   2.140   0  38  21   0   0  59   4.094
 1 62 4 3  12.500   2.603  10  12  50   0   5  78   4.369
 1 75 6 2   7.500   2.140   0  38   2   0   9  48   3.892
 1 47 3 1   2.500   1.253   0   0   0   0   0   0    .000
 1 54 3 2   7.500   2.140  34  64   2   0  14 115   4.754
 1 53 3 3  12.500   2.603   0 113   5   1   2 122   4.812
 1 66 5 4  17.500   2.918  43  15  31   0  11 100   4.615
 1 66 5 2   7.500   2.140   0   0  36   1   2  39   3.689
 1 52 3 3  12.500   2.603   0   0  58   0   2  60   4.111
 1 43 2 3  12.500   2.603   0   0   0   0   0   0    .000
 1 57 4 6  35.000   3.584   0  34   2   0  29  64   4.174
 1 78 6 6  35.000   3.584   0   0  44   1   2  47   3.871
 1 65 5 2   7.500   2.140   0  38   2   0  18  58   4.078
 1 59 4 3  12.500   2.603   0  10  44   0   5  60   4.111
 1 68 5 2   7.500   2.140   0 150   0   0   0 150   5.017
 1 34 1 4  17.500   2.918   2   0  99   0  29 129   4.868
 1 69 5 0    .000    .000  20  31   4   0  41  97   4.585
 1 51 3 3  12.500   2.603   0   0  40   0   2  42   3.761
 1 57 4 4  17.500   2.918   2   2 106   1   0 111   4.718
 1 50 3 7  45.000   3.829   4  16  45   0   0  64   4.174
 1 76 6 1   2.500   1.253   0 116  20   0  32 168   5.130
 1 65 5 5  25.000   3.258   0   0  62  10   0  72   4.290
 1 60 4 1   2.500   1.253   0  75   2   1   5  83   4.431
 1 62 4 8  60.000   4.111   0  90   0   1   4  95   4.564
 1 70 5 2   7.500   2.140   0  83   6   0  14 103   4.644
 1 58 4 4  17.500   2.918  80   0   0   0   0  80   4.394
 1 57 4 1   2.500   1.253  40   0   2   0   0  42   3.761
 1 67 5 2   7.500   2.140   0   0  43   1   0  45   3.829
 1 48 3 4  17.500   2.918   1   0  80   0  16  98   4.595
 1 40 2 2   7.500   2.140   0 120  21   1   0 142   4.963
 1 58 4 6  35.000   3.584   0  61  31   1   5  99   4.605
 1 57 4 5  25.000   3.258   0   0  20   1   0  21   3.091
 1 56 4 2   7.500   2.140  20   0  42   1   4  67   4.220
 1 63 4 1   2.500   1.253   0   0  80   1   2  83   4.431
 1 45 3 2   7.500   2.140   0   0 120   1   0 121   4.804
 1 59 4 3  12.500   2.603   0   0 160   0   0 160   5.081
 1 53 3 2   7.500   2.140   0  60  10   0   0  70   4.263
 1 44 2 5  25.000   3.258  10   0 123   1   0 135   4.913
 1 68 5 4  17.500   2.918   0  16  52   1  27  96   4.575
 1 60 4 3  12.500   2.603   0   8  21   1   2  32   3.497
 1 56 4 0    .000    .000   0  31  10   0  50  92   4.533
 1 66 5 2   7.500   2.140   0  53   2   0  13  67   4.220
 1 70 5 2   7.500   2.140   0 114  10   0   2 126   4.844
 1 45 3 2   7.500   2.140   0 180  21   1   0 202   5.313
 1 56 4 2   7.500   2.140   0 150  10   1  54 216   5.380
 1 76 6 7  45.000   3.829   0   0  21   0   0  21   3.091
 1 53 3 5  25.000   3.258   0   0  66   0   0  66   4.205
 1 63 4 2   7.500   2.140   0  23  22   0  14  60   4.111
 1 78 6 2   7.500   2.140   0 105  12   2  29 148   5.004
 1 63 4 1   2.500   1.253   0  90  42   1  14 147   4.997
 1 47 3 4  17.500   2.918 114   0  21   1  14 151   5.024
 1 77 6 1   2.500   1.253   0  45   2   1  49  97   4.585
 1 47 3 7  45.000   3.829  44  30  11   3   2  90   4.511
 1 46 3 6  35.000   3.584 122   0   0   1   0 124   4.828
 1 55 4 2   7.500   2.140   0  90  10   1  65 167   5.124
 1 53 3 5  25.000   3.258   0   0 240   1   0 241   5.489
 1 64 4 4  17.500   2.918   0  15  51  19   9  94   4.554
 1 70 5 4  17.500   2.918   0   0  52   0   0  52   3.970
 1 64 4 3  12.500   2.603   0  41  71   6   4 121   4.804
 1 60 4 6  35.000   3.584   0 120  10   0   0 130   4.875
 1 47 3 5  25.000   3.258  26   0  40  10   0  76   4.344
 1 80 6 4  17.500   2.918   0   0  83   3   4  90   4.511
 1 71 5 2   7.500   2.140   3   0  47   0   0  49   3.912
 1 62 4 5  25.000   3.258  25  49 104   1   5 184   5.220
 1 52 3 5  25.000   3.258   0   9  51   1  14  76   4.344
 1 63 4 2   7.500   2.140   0 120   3   0   9 132   4.890
 1 68 5 3  12.500   2.603   0  55  27   1  22 105   4.663
 1 71 5 5  25.000   3.258   0   4  62   1  23  91   4.522
 1 40 2 2   7.500   2.140  95  11  14   0  22 141   4.956
